145
181
41
76
223
192
127
1
224
17
237
219
52
89
214
168
196
164
156
43
261
194
131
95
215
154
73
48
92
20
61
165
75
146
210
19
25
209
9
16
256
120
187
128
123
7
14
212
50
184
195
33
135
108
31
100
42
69
213
230
86
138
93
257
113
201
203
244
173
24
26
12
247
193
191
114
88
159
170
59
6
65
225
263
220
15
251
111
227
21
68
246
222
5
169
11
81
248
124
2
242
208
258
240
53
74
260
160
112
179
265
202
200
253
46
204
90
28
139
205
175
153
235
197
51
36
105
140
85
37
10
167
99
106
151
238
217
72
101
172
40
177
182
155
80
78
239
54
22
23
144
255
29
141
4
115
185
137
183
58
64
38
171
82
228
188
234
27
221
55
94
133
18
229
233
211
262
121
56
102
250
190
129
71
125
62
186
245
8
109
178
152
149
67
84
116
162
232
30
97
136
180
207
47
107
198
49
35
119
148
63
231
60
13
83
3
142
174
70
157
218
166
161
226
143
158
79
241
236
122
96
87
117
32
264
150
243
189
77
39
176
259
98
91
134
252
130
163
66
126
118
216
254
147
249
206
45
57
132
34
44