3
28
49
210
217
151
175
118
187
173
87
55
82
95
116
171
78
253
240
130
136
242
191
99
37
146
212
263
119
47
52
161
57
195
45
214
211
106
220
46
16
50
209
141
125
36
120
13
144
32
150
189
208
244
63
230
43
193
62
48
157
85
128
166
179
182
247
60
201
113
51
196
112
183
76
80
108
133
135
223
21
190
123
155
8
202
9
148
26
127
181
96
192
98
237
72
92
126
129
159
197
218
61
139
185
222
6
7
54
160
227
172
261
165
255
5
147
246
66
64
156
79
186
14
236
241
154
77
168
22
59
204
233
75
70
121
17
56
215
1
176
134
115
105
235
243
19
250
42
178
256
111
114
162
200
18
69
216
53
39
102
122
101
12
138
231
226
248
207
153
58
4
25
188
213
86
205
73
83
203
38
221
238
27
11
20
74
93
225
91
254
259
265
170
97
257
180
132
109
194
164
84
137
40
167
67
239
31
232
143
44
29
117
264
68
2
174
198
34
107
23
81
258
140
88
152
206
10
35
219
252
260
184
100
245
24
169
94
142
158
71
224
145
177
228
131
33
41
234
251
199
65
89
124
15
229
163
90
262
249
149
30